=== Fourier Series Coefficients ===

x(t)     = a0: 23.191625
          a_n: [ 6.473812  0.024802  0.462183 -0.03482 ]
          b_n: [-1.658801 -0.144493 -0.20779  -0.098587]

y(t)     = a0: -10.609542
          a_n: [ 0.336582  0.09336  -0.537339  0.005938]
          b_n: [-6.03896   0.049751  0.492916 -0.025279]

kappa(t) = a0: -0.145237
          a_n: [-2.31200e-03 -1.06830e-02 -5.35200e-03 -2.00890e-01  3.31290e-02
 -6.71290e-02  4.08710e-02 -3.36090e-02  5.43380e-02 -1.02647e-01
  7.89890e-02  5.00560e-02  5.32010e-02 -8.04160e-02  5.77340e-02
  3.01500e-02  4.14600e-02 -3.96920e-02  8.11900e-03 -3.79100e-03
  1.66340e-02 -1.49940e-02 -1.72030e-02 -5.17900e-03 -1.81850e-02
 -1.30000e-05 -2.22250e-02  9.87800e-03 -4.49800e-02  1.13950e-02
 -2.80230e-02  3.05340e-02 -5.82230e-02  1.86630e-02 -2.84830e-02
  4.71160e-02 -6.14030e-02  2.81020e-02 -2.70200e-02  4.44300e-02
 -5.15310e-02  3.23250e-02 -2.89610e-02  3.26520e-02 -3.55200e-02
  2.61000e-02 -2.43570e-02  2.00480e-02 -2.27600e-02]
          b_n: [ 0.002947  0.097593  0.029081 -0.046989  0.043712  0.20112   0.02049
 -0.028105  0.033044  0.147866 -0.005056  0.028463 -0.022648  0.048778
 -0.027181  0.05842  -0.055902  0.010429 -0.047412  0.054339 -0.042732
  0.021091 -0.058427  0.04456  -0.02227   0.032599 -0.050358  0.036716
 -0.01503   0.035792 -0.03373   0.03057  -0.010039  0.028772 -0.019656
  0.030185 -0.012302  0.011736 -0.008481  0.026491 -0.019949  0.002499
 -0.005523  0.019095 -0.019992  0.001136 -0.00969   0.016151 -0.018009]
